13
23
0  100 100 100 shark
1  98  300 100 smallshark
2  96  500 100 marlin
3  94  700 100 tuna
4  92  100 300 lancet
5  90  300 300 squid
6  88  500 300 mackerel
7  86  700 300 lantern
8  84  100 500 amphipod
9  82  300 500 sunfish
10 80  500 500 copepod
11 78  700 500 dinoflagellate
12 76  100 700 diatom
0  74  0   1
1  72  0   2
2  70  0   3
3  68  1   3
4  66  1   4
5  64  1   5
6  62  1   9
7  60  2   3
8  58  2   4
9  56  2   5
10 54  3   5
11 52  3   6
12 50  3   8
13 48  4   5
14 46  4   6
15 44  4   8
16 42  5   7
17 40  7   8
18 38  7   10
19 36  8   10
20 34  9   10
21 32  10  11
22 30  10  12
